date
2024-04-03
2024-04-04
2024-04-05
2024-04-08
2024-04-09
2024-04-10
2024-04-12
2024-04-15
2024-04-16
2024-04-18
2024-04-19
2024-04-22
2024-04-23
2024-04-24
2024-04-25
2024-04-26
2024-04-29
2024-04-30
2024-05-02
